0 0.304322 0.686458 0.064252 0.102083
1 0.387850 0.728125 0.063084 0.089583
1 0.470210 0.720833 0.071262 0.095833
0 0.560748 0.688542 0.081776 0.122917
0 0.627336 0.658333 0.065421 0.104167
0 0.693925 0.642708 0.077103 0.114583
1 0.768107 0.679167 0.066589 0.075000
0 0.825350 0.640625 0.087617 0.085417
1 0.377336 0.935417 0.126168 0.120833
0 0.510514 0.918750 0.123832 0.150000
0 0.629089 0.865625 0.141355 0.214583
0 0.734229 0.873958 0.127336 0.181250
0 0.851636 0.861458 0.142523 0.147917
0 0.933411 0.831250 0.128505 0.162500
